1 2
1 3
1 4
2 3
2 5
3 4
3 6
4 7
5 6
5 8
6 9
7 8
7 10
8 9
8 11
9 12
10 11
10 13
11 12
11 14
12 15
13 14
13 16
14 15
14 17
15 18
16 17
16 19
17 18
17 20
18 21
19 20
19 22
20 21
20 23
21 24
22 23
22 25
23 24
23 26
24 27
25 26
25 28
26 27
26 29
27 30
28 29
28 31
29 30
29 32
30 33
31 32
31 34
32 33
32 35
33 36
34 35
34 37
35 36
35 38
36 39
37 38
37 40
38 39
38 41
39 42
40 41
40 43
41 42
41 44
42 45
43 44
43 46
44 45
44 47
45 48
46 47
46 49
47 48
47 50
48 51
49 50
49 52
50 51
50 53
51 54
52 53
52 55
53 54
53 56
54 57
55 56
55 58
56 57
56 59
57 60
58 59
58 61
59 60
59 62
60 63
61 62
61 64
62 63
62 65
63 66
64 65
64 67
65 66
65 68
66 69
67 68
67 70
68 69
68 71
69 72
70 71
70 73
71 72
71 74
72 75
73 74
73 76
74 75
74 77
75 78
76 77
76 79
77 78
77 80
78 81
79 80
79 82
80 81
80 83
81 84
82 83
82 85
83 84
83 86
84 87
85 86
85 88
86 87
86 89
87 90
88 89
88 91
89 90
89 92
90 93
91 92
91 94
92 93
92 95
93 96
94 95
94 97
95 96
95 98
96 99
97 98
97 100
98 99
99 100
